[paint.jpg]
filters=PicnikTint=1,0.000000,0080cfff;
backuphash=20758
text=1;140;19;Priyanka Gangireddy;Arial;0.334771,0.642999,0.072222,0.000000;v1,4278473603,4278473603,128.000000,1.000000,0.000000,1.000000,400,0,49152;;
textactive=1
